map_frame: map
point_name: 4
pose:
  position:
    x: -18.87640380859375
    y: 33.74467468261719
    z: 0
  orientation:
    x: 0
    y: 0
    z: -0.6461003345179724
    w: 0.7632524862296644