image_width: 640
image_height: 480
camera_name: camera
camera_matrix:
  rows: 3
  cols: 3
  data: [625.7405816007964, 0, 333.5277085240872, 0, 625.8829079453266, 261.0681655728979, 0, 0, 1]
distortion_model: plumb_bob
distortion_coefficients:
  rows: 1
  cols: 5
  data: [0.1143699428655645, -0.1633988135711153, -0.001113394214733139, -0.002096738909058296, 0]
rectification_matrix:
  rows: 3
  cols: 3
  data: [1, 0, 0, 0, 1, 0, 0, 0, 1]
projection_matrix:
  rows: 3
  cols: 4
  data: [638.8162841796875, 0, 332.4126094838139, 0, 0, 639.512451171875, 260.6695350945665, 0, 0, 0, 1, 0]