image_width: 1280
image_height: 720
camera_name: camera
camera_matrix:
  rows: 3
  cols: 3
  data: [763.6160365981791, 0, 646.2919144776869, 0, 763.2144200751012, 363.3502210816886, 0, 0, 1]
distortion_model: plumb_bob
distortion_coefficients:
  rows: 1
  cols: 5
  data: [0.0577242085211083, -0.1162497921889902, -0.000503248305620866, 0.001605896974954627, 0]
rectification_matrix:
  rows: 3
  cols: 3
  data: [1, 0, 0, 0, 1, 0, 0, 0, 1]
projection_matrix:
  rows: 3
  cols: 4
  data: [748.1204223632812, 0, 650.7957434556374, 0, 0, 769.170166015625, 363.0859372969499, 0, 0, 0, 1, 0]