image_width: 640
image_height: 480
camera_name: camera
camera_matrix:
  rows: 3
  cols: 3
  data: [508.364920, 0.000000, 319.731432, 0.000000, 508.259861, 238.434137, 0.000000, 0.000000, 1.000000]
distortion_model: plumb_bob
distortion_coefficients:
  rows: 1
  cols: 5
  data: [0.077626, -0.158996, -0.001921, 0.000166, 0.000000]
rectification_matrix:
  rows: 3
  cols: 3
  data: [1.000000, 0.000000, 0.000000, 0.000000, 1.000000, 0.000000, 0.000000, 0.000000, 1.000000]
projection_matrix:
  rows: 3
  cols: 4
  data: [511.417755, 0.000000, 319.823932, 0.000000, 0.000000, 513.074768, 237.769646, 0.000000, 0.000000, 0.000000, 1.000000, 0.000000]
