image: 20200401_TT_3F.pgm
resolution: 0.050000
origin: [-51.224998, -51.224998, 0.000000]
negate: 0
occupied_thresh: 0.65
free_thresh: 0.196

