image: 20180515_Denso-HQ-edited.pgm
resolution: 0.100000
origin: [-126.319397, -121.043640, 0.000000]
negate: 0
occupied_thresh: 0.65
free_thresh: 0.196

