image: 20181221_taf1.pgm
resolution: 0.100000
origin: [-146.656803, -196.364498, 0.000000]
negate: 0
occupied_thresh: 0.65
free_thresh: 0.196

