image: 20190725_nichinan_oval_03.pgm
resolution: 0.100000
origin: [-62.406105, -41.217014, 0.000000]
negate: 0
occupied_thresh: 0.65
free_thresh: 0.196

