image: 2018taf1.pgm
resolution: 0.100000
origin: [-117.236732, -277.303650, 0.000000]
negate: 0
occupied_thresh: 0.65
free_thresh: 0.196

