image: 20190729_good_design_1.pgm
resolution: 0.100000
origin: [-98.094559, -123.918320, 0.000000]
negate: 0
occupied_thresh: 0.65
free_thresh: 0.196

