image_width: 640
image_height: 480
camera_name: web_cam_link
camera_matrix:
  rows: 3
  cols: 3
  data: [623.7900070163341, 0, 326.9756701028566, 0, 623.1294973346394, 234.9108811097532, 0, 0, 1]
distortion_model: plumb_bob
distortion_coefficients:
  rows: 1
  cols: 5
  data: [0.109932907646512, -0.1576711210421082, -0.002464763247886935, 0.001803747910956153, 0]
rectification_matrix:
  rows: 3
  cols: 3
  data: [1, 0, 0, 0, 1, 0, 0, 0, 1]
projection_matrix:
  rows: 3
  cols: 4
  data: [636.6720581054688, 0, 328.0028686953483, 0, 0, 635.9530639648438, 233.8644922989261, 0, 0, 0, 1, 0]
